prop.true	m	n	d	pval	fdr.theo	fdr.actl
0.1	10000	16	0.25	0.001	0.686572225200028	0.591727053363468
0.1	10000	16	0.25	0.01	0.760908654860668	0.730732385201548
0.1	10000	16	0.25	0.03	0.798636670856593	0.778546632709374
0.1	10000	16	0.25	0.05	0.81652954681387	0.802581825329407
0.1	10000	16	0.25	0.1	0.841012492449751	0.821439190704973
0.3	10000	16	0.25	0.001	0.362691427413276	0.442292692615809
0.3	10000	16	0.25	0.01	0.452087995498786	0.454364562840117
0.3	10000	16	0.25	0.03	0.506966626563041	0.513237000934656
0.3	10000	16	0.25	0.05	0.53571062680577	0.53002608794002
0.3	10000	16	0.25	0.1	0.578313531661686	0.576118708464552
0.5	10000	16	0.25	0.001	0.196092973611273	0.308928886799464
0.5	10000	16	0.25	0.01	0.261239554560787	0.31963351790113
0.5	10000	16	0.25	0.03	0.305884646537788	0.317216340722105
0.5	10000	16	0.25	0.05	0.330878965907442	0.325061020826003
0.5	10000	16	0.25	0.1	0.370180236851804	0.350638639403251
0.7	10000	16	0.25	0.001	0.0946486757209363	0.100478034681991
0.7	10000	16	0.25	0.01	0.131605920236154	0.155697066993069
0.7	10000	16	0.25	0.03	0.1588610081366	0.167310222727382
0.7	10000	16	0.25	0.05	0.174868330990254	0.201018191925211
0.7	10000	16	0.25	0.1	0.201211190581035	0.192555483896725
0.9	10000	16	0.25	0.001	0.026389349607365	0.0686293865668578
0.9	10000	16	0.25	0.01	0.037805597386294	0.0304941873645992
0.9	10000	16	0.25	0.03	0.046679158913425	0.038557461339731
0.9	10000	16	0.25	0.05	0.0520826070876787	0.0462231986210887
0.9	10000	16	0.25	0.1	0.0613027539681189	0.0620737656130233
0.1	10000	16	0.5	0.001	0.282688026853081	0.380492891561856
0.1	10000	16	0.5	0.01	0.455008155641211	0.468535127636783
0.1	10000	16	0.5	0.03	0.564016235954018	0.570918089220413
0.1	10000	16	0.5	0.05	0.618717312267369	0.634938912472073
0.1	10000	16	0.5	0.1	0.694211181993664	0.69968127492639
0.3	10000	16	0.5	0.001	0.092711356763317	0.0861022625777244
0.3	10000	16	0.5	0.01	0.177938558229065	0.192154895396384
0.3	10000	16	0.5	0.03	0.251157831714549	0.272938188485783
0.3	10000	16	0.5	0.05	0.29612510285718	0.309715373492611
0.3	10000	16	0.5	0.1	0.370506363078531	0.37681201487115
0.5	10000	16	0.5	0.001	0.0419566743024823	0.0638912387984159
0.5	10000	16	0.5	0.01	0.0848910120259741	0.0899943432523086
0.5	10000	16	0.5	0.03	0.125676010410933	0.124273563594666
0.5	10000	16	0.5	0.05	0.152759889601908	0.149892126267031
0.5	10000	16	0.5	0.1	0.201436070613244	0.192178899428813
0.7	10000	16	0.5	0.001	0.0184232339203198	0.0217348430112884
0.7	10000	16	0.5	0.01	0.0382366815360232	0.044642636763168
0.7	10000	16	0.5	0.03	0.0580284228683967	0.0584450501498615
0.7	10000	16	0.5	0.05	0.0717299463025559	0.0739335280518231
0.7	10000	16	0.5	0.1	0.0975594363271019	0.0964041757167327
0.9	10000	16	0.5	0.001	0.00484247602579167	0.00480070216691872
0.9	10000	16	0.5	0.01	0.0102021782877083	0.0101086064483074
0.9	10000	16	0.5	0.03	0.0157201288843521	0.0143998680408123
0.9	10000	16	0.5	0.05	0.0196402014469092	0.018310429674316
0.9	10000	16	0.5	0.1	0.0272634176785644	0.0237406984794832
0.1	10000	16	0.75	0.001	0.0929903496887181	0.106908096505634
0.1	10000	16	0.75	0.01	0.240568830727575	0.217191792149836
0.1	10000	16	0.75	0.03	0.376309529221236	0.366858065423346
0.1	10000	16	0.75	0.05	0.455866964792302	0.446697504192243
0.1	10000	16	0.75	0.1	0.574799314397289	0.559322116519853
0.3	10000	16	0.75	0.001	0.0258925636543944	0.0163736740050732
0.3	10000	16	0.75	0.01	0.075893886116438	0.0693754926087984
0.3	10000	16	0.75	0.03	0.135267189124576	0.1309595809325
0.3	10000	16	0.75	0.05	0.178445167343042	0.170908240276736
0.3	10000	16	0.75	0.1	0.259519324610067	0.263453126511332
0.5	10000	16	0.75	0.001	0.0112634652439341	0.00925869531584636
0.5	10000	16	0.75	0.01	0.03400050503517	0.0346603383430663
0.5	10000	16	0.75	0.03	0.0628279791709354	0.0697933446499833
0.5	10000	16	0.75	0.05	0.0851601692972339	0.0819129105204626
0.5	10000	16	0.75	0.1	0.130588599006166	0.125681107499257
0.7	10000	16	0.75	0.001	0.00485846893652259	0.0048603633935805
0.7	10000	16	0.75	0.01	0.0148603687167178	0.0147664502625529
0.7	10000	16	0.75	0.03	0.0279289731948772	0.0265712531006418
0.7	10000	16	0.75	0.05	0.0383641269736045	0.0372534791394446
0.7	10000	16	0.75	0.1	0.0604796589640076	0.0565010593931154
0.9	10000	16	0.75	0.001	0.00126415327057087	0.00263245572112343
0.9	10000	16	0.75	0.01	0.00389556832277624	0.00825883011756774
0.9	10000	16	0.75	0.03	0.0073938093100743	0.0113592207386246
0.9	10000	16	0.75	0.05	0.010237173951516	0.012883343131838
0.9	10000	16	0.75	0.1	0.0164153134819606	0.0157066566617023
0.1	10000	16	1	0.001	0.0364044077158848	0.0401008240225273
0.1	10000	16	1	0.01	0.143232004046893	0.137204847452628
0.1	10000	16	1	0.03	0.276178491598946	0.249752657417806
0.1	10000	16	1	0.05	0.365438651985134	0.35290715918371
0.1	10000	16	1	0.1	0.508933870162864	0.494114087782826
0.3	10000	16	1	0.001	0.00969975339267948	0.00985706330228704
0.3	10000	16	1	0.01	0.0415421271487827	0.0447083713799187
0.3	10000	16	1	0.03	0.0900172412784759	0.0973835341966524
0.3	10000	16	1	0.05	0.129908962365987	0.13797160556569
0.3	10000	16	1	0.1	0.211786987268976	0.214197800501245
0.5	10000	16	1	0.001	0.00418020589250978	0.00253985888515158
0.5	10000	16	1	0.01	0.0182366836664222	0.0212016334144546
0.5	10000	16	1	0.03	0.0406708807354971	0.0410209664595376
0.5	10000	16	1	0.05	0.0601397735647471	0.0529396746840362
0.5	10000	16	1	0.1	0.103262844658745	0.0961705598453766
0.7	10000	16	1	0.001	0.00179580651311509	0.0019388050056837
0.7	10000	16	1	0.01	0.00789802602428382	0.00808324319216912
0.7	10000	16	1	0.03	0.0178451079480205	0.0167360851826213
0.7	10000	16	1	0.05	0.0266914560182798	0.0249492709926578
0.7	10000	16	1	0.1	0.0470306576969692	0.0444655010052055
0.9	10000	16	1	0.001	0.000466199680415081	0.00095579585969392
0.9	10000	16	1	0.01	0.00205968711243097	0.00229366768785
0.9	10000	16	1	0.03	0.00468848472955126	0.00529908862353677
0.9	10000	16	1	0.05	0.00705958570437555	0.00747486788633908
0.9	10000	16	1	0.1	0.0126332448607335	0.013728151453339
0.1	10000	16	2	0.001	0.00921722231930027	0.0103593781665879
0.1	10000	16	2	0.01	0.0827904648189618	0.0798359217052183
0.1	10000	16	2	0.03	0.212692891659816	0.196082650747596
0.1	10000	16	2	0.05	0.31039306166837	0.299095628435156
0.1	10000	16	2	0.1	0.473697249607171	0.463384131240572
0.3	10000	16	2	0.001	0.00240610457544168	0.00137351016202769
0.3	10000	16	2	0.01	0.0228665146269199	0.0193275441875521
0.3	10000	16	2	0.03	0.0654549962925736	0.0614206822508322
0.3	10000	16	2	0.05	0.104498691404808	0.0986140064869564
0.3	10000	16	2	0.1	0.189197211085285	0.185748077229379
0.5	10000	16	2	0.001	0.00103260752912868	0.000620747804317728
0.5	10000	16	2	0.01	0.00992964590671667	0.0108390435755419
0.5	10000	16	2	0.03	0.0291421958883723	0.0311805427886717
0.5	10000	16	2	0.05	0.0476292670281593	0.0496563347419014
0.5	10000	16	2	0.1	0.0909133897437874	0.0975022232601318
0.7	10000	16	2	0.001	0.000442807231190082	0.000445078186509465
0.7	10000	16	2	0.01	0.0042798589690967	0.00482568423420237
0.7	10000	16	2	0.03	0.0127010190365621	0.0144667971801995
0.7	10000	16	2	0.05	0.0209836288000772	0.0229975619684959
0.7	10000	16	2	0.1	0.0410979464329212	0.0429216330724156
0.9	10000	16	2	0.001	0.000114839583901898	0.0001154998391266
0.9	10000	16	2	0.01	0.00111312187992555	0.00138725032540977
0.9	10000	16	2	0.03	0.00332411661021448	0.00266113889756149
0.9	10000	16	2	0.05	0.00552609079451517	0.00488790523064787
0.9	10000	16	2	0.1	0.0109895765978254	0.0101464141583219
